-0.654029
-0.642318
-0.755897
-0.907589
-0.999999
-0.968962
-0.892296
-0.826053
-0.633480
-0.517132
-0.422888
-0.445886
-0.295089
-0.433303
-0.556476
-0.416520
-0.271646
-0.392104
-0.540797
-0.463128
-0.566704
-0.415249
-0.342517
-0.528386
-0.658922
-0.505745
-0.400359
-0.297264
-0.204818
-0.326863
-0.183323
-0.247550
-0.227076
-0.274170
-0.186176
-0.028477
0.112466
0.272786
0.444786
0.460358
0.625909
0.774719
0.791246
0.602088
0.519000
0.716286
0.521286
0.388491
0.287961
0.187814
0.109105
0.107751
0.189743
0.309299
0.218045
0.184415
0.161498
0.188929
0.064836
0.021509
0.195342
0.185976
0.350107
0.412882
0.541197
0.668872
0.570924
0.496296
0.407417
0.346959
0.546005
0.417067
0.448966
0.584560
0.390402
0.356462
0.454278
0.559426
0.421692
0.522517
0.656731
0.774820
0.664721
0.580343
0.522816
0.720481
0.727296
0.664059
0.834010
0.635636
0.744530
0.655589
0.717909
0.670717
0.747794
0.867090
0.999999
0.999999
0.999999
0.999999
0.999999
0.999999
0.999999
0.999999
0.895641
0.796337
0.700133
0.613476
0.500762
0.444940
0.572217
0.590808
0.566425
0.575013
0.400174
0.322236
0.149950
0.155140
0.183008
0.241903
0.297561
0.369999
0.520334
0.663358
0.683260
0.797826
0.907148
0.999999
0.999999
0.960448
0.851637
0.893444
0.835472
0.999999
0.999999
0.999999
0.836562
0.712531
0.814951
0.999999
0.899932
0.818620
0.812052
0.781958
0.762833
0.782803
0.876997
0.962171
0.828055
0.699838
0.808399
0.921034
0.773573
0.725693
0.675748
0.519152
0.578854
0.625301
0.743314
0.872724
0.993571
0.920234
0.999999
0.999999
0.999999
0.945279
0.999999
0.841572
0.748978
0.732710
0.840678
0.672039
0.809853
0.699668
0.775380
0.587434
0.541521
0.680285
0.573250
0.642852
0.578449
0.534890
0.497470
0.306606
0.115377
0.218986
0.260729
0.107372
0.232974
0.224325
0.073971
0.209929
0.185475
0.262813
0.425689
0.264798
0.076171
-0.052842
-0.016096
-0.023699
timestrap, tunnel_ID, max_value_1s, min_value_1s, max_value_5s, min_value_5s, max_value_30s, min_value_30s, ave_value_3s, ave_value_60s, ave_ratio, sensor_status
