1602472943.668000 0.244305
1602472943.673000 0.234205
1602472943.678000 0.037220
1602472943.683000 -0.019888
1602472943.688000 -0.003052
1602472943.693000 0.184808
1602472943.698000 0.141719
1602472943.703000 0.103322
1602472943.708000 0.035660
1602472943.713000 -0.049538
1602472943.718000 -0.242255
1602472943.723000 -0.184422
1602472943.728000 -0.125121
1602472943.733000 -0.310083
1602472943.738000 -0.502222
1602472943.743000 -0.306784
1602472943.748000 -0.411003
1602472943.753000 -0.451648
1602472943.758000 -0.529096
1602472943.763000 -0.643932
1602472943.768000 -0.749500
1602472943.773000 -0.757499
1602472943.778000 -0.762354
1602472943.783000 -0.889714
1602472943.788000 -0.748375
1602472943.793000 -0.886213
1602472943.798000 -0.999999
1602472943.803000 -0.822267
1602472943.808000 -0.695497
1602472943.813000 -0.681287
1602472943.818000 -0.717810
1602472943.823000 -0.732479
1602472943.828000 -0.928368
1602472943.833000 -0.961875
1602472943.838000 -0.999999
1602472943.843000 -0.862699
1602472943.848000 -0.908346
1602472943.853000 -0.790507
1602472943.858000 -0.891604
1602472943.863000 -0.999999
1602472943.868000 -0.999999
1602472943.873000 -0.977461
1602472943.878000 -0.916585
1602472943.883000 -0.999999
1602472943.888000 -0.962423
1602472943.893000 -0.777334
1602472943.898000 -0.857248
1602472943.903000 -0.999999
1602472943.908000 -0.999999
1602472943.913000 -0.841010
1602472943.918000 -0.789784
1602472943.923000 -0.634556
1602472943.928000 -0.567214
1602472943.933000 -0.720843
1602472943.938000 -0.892976
1602472943.943000 -0.884294
1602472943.948000 -0.859409
1602472943.953000 -0.877811
1602472943.958000 -0.891397
1602472943.963000 -0.939742
1602472943.968000 -0.743934
1602472943.973000 -0.594043
1602472943.978000 -0.740705
1602472943.983000 -0.824432
1602472943.988000 -0.791696
1602472943.993000 -0.893781
1602472943.998000 -0.923857
1602472944.003000 -0.999999
1602472944.008000 -0.999999
1602472944.013000 -0.814820
1602472944.018000 -0.791984
1602472944.023000 -0.827236
1602472944.028000 -0.819518
1602472944.033000 -0.819453
1602472944.038000 -0.730058
1602472944.043000 -0.768412
1602472944.048000 -0.783258
1602472944.053000 -0.857426
1602472944.058000 -0.846070
1602472944.063000 -0.716472
1602472944.068000 -0.831650
1602472944.073000 -0.969068
1602472944.078000 -0.884242
1602472944.083000 -0.732078
1602472944.088000 -0.706773
1602472944.093000 -0.594079
1602472944.098000 -0.633233
1602472944.103000 -0.666691
1602472944.108000 -0.772399
1602472944.113000 -0.908786
1602472944.118000 -0.999999
1602472944.123000 -0.993546
1602472944.128000 -0.999999
1602472944.133000 -0.999999
1602472944.138000 -0.999999
1602472944.143000 -0.999999
1602472944.148000 -0.897845
1602472944.153000 -0.888844
1602472944.158000 -0.906459
1602472944.163000 -0.999999
1602472944.168000 -0.999999
1602472944.173000 -0.999999
1602472944.178000 -0.999999
1602472944.183000 -0.999999
1602472944.188000 -0.994714
1602472944.193000 -0.989959
1602472944.198000 -0.999999
1602472944.203000 -0.809560
1602472944.208000 -0.678972
1602472944.213000 -0.787719
1602472944.218000 -0.951329
1602472944.223000 -0.999999
1602472944.228000 -0.929812
1602472944.233000 -0.808596
1602472944.238000 -0.924670
1602472944.243000 -0.999999
1602472944.248000 -0.849737
1602472944.253000 -0.688612
1602472944.258000 -0.626578
1602472944.263000 -0.665671
1602472944.268000 -0.724581
1602472944.273000 -0.911646
1602472944.278000 -0.744286
1602472944.283000 -0.673340
1602472944.288000 -0.656166
1602472944.293000 -0.849729
1602472944.298000 -0.699839
1602472944.303000 -0.780511
1602472944.308000 -0.648720
1602472944.313000 -0.716444
1602472944.318000 -0.762856
1602472944.323000 -0.836885
1602472944.328000 -0.783037
1602472944.333000 -0.914088
1602472944.338000 -0.869867
1602472944.343000 -0.894382
1602472944.348000 -0.704326
1602472944.353000 -0.780208
1602472944.358000 -0.814283
1602472944.363000 -0.693639
1602472944.368000 -0.678268
1602472944.373000 -0.559601
1602472944.378000 -0.707195
1602472944.383000 -0.821637
1602472944.388000 -0.665401
1602472944.393000 -0.612717
1602472944.398000 -0.515314
1602472944.403000 -0.408816
1602472944.408000 -0.395007
1602472944.413000 -0.319219
1602472944.418000 -0.335462
1602472944.423000 -0.180563
1602472944.428000 -0.091840
1602472944.433000 -0.140723
1602472944.438000 0.001474
1602472944.443000 -0.092629
1602472944.448000 -0.018723
1602472944.453000 0.073364
1602472944.458000 0.214942
1602472944.463000 0.336989
1602472944.468000 0.277702
1602472944.473000 0.172868
1602472944.478000 0.020886
1602472944.483000 -0.068200
1602472944.488000 0.012267
1602472944.493000 -0.179142
1602472944.498000 -0.092742
1602472944.503000 -0.022219
1602472944.508000 -0.089510
1602472944.513000 -0.120833
1602472944.518000 -0.013314
1602472944.523000 0.134766
1602472944.528000 0.022110
1602472944.533000 0.182035
1602472944.538000 0.132025
1602472944.543000 -0.024396
1602472944.548000 -0.011787
1602472944.553000 -0.164395
1602472944.558000 -0.297966
1602472944.563000 -0.355195
1602472944.568000 -0.232015
1602472944.573000 -0.181829
1602472944.578000 -0.167807
1602472944.583000 -0.155904
1602472944.588000 -0.238249
1602472944.593000 -0.282029
1602472944.598000 -0.447876
1602472944.603000 -0.539963
1602472944.608000 -0.575303
1602472944.613000 -0.399572
1602472944.618000 -0.569611
1602472944.623000 -0.747885
1602472944.628000 -0.760636
1602472944.633000 -0.882656
1602472944.638000 -0.950016
1602472944.643000 -0.999999
1602472944.648000 -0.999999
1602472944.653000 -0.999999
1602472944.658000 -0.999999
1602472944.663000 -0.980718
1602472944.668000 -0.876649
1602472944.673000 -0.714539
1602472944.678000 -0.630826
1602472944.683000 -0.439413
1602472944.688000 -0.601026
1602472944.693000 -0.767322
1602472944.698000 -0.815977
1602472944.703000 -0.648627
1602472944.708000 -0.651179
1602472944.713000 -0.633404
1602472944.718000 -0.606932
1602472944.723000 -0.686303
1602472944.728000 -0.701990
1602472944.733000 -0.861496
1602472944.738000 -0.999999
1602472944.743000 -0.898031
1602472944.748000 -0.784965
1602472944.753000 -0.785576
1602472944.758000 -0.975694
1602472944.763000 -0.981616
1602472944.768000 -0.999999
1602472944.773000 -0.999999
1602472944.778000 -0.984195
1602472944.783000 -0.821825
1602472944.788000 -0.787650
1602472944.793000 -0.639205
1602472944.798000 -0.692767
1602472944.803000 -0.572020
1602472944.808000 -0.688182
1602472944.813000 -0.570800
1602472944.818000 -0.514419
1602472944.823000 -0.326512
1602472944.828000 -0.130668
1602472944.833000 -0.074223
1602472944.838000 -0.178551
1602472944.843000 -0.344318
1602472944.848000 -0.537817
1602472944.853000 -0.490800
1602472944.858000 -0.572867
1602472944.863000 -0.568917
1602472944.868000 -0.587774
1602472944.873000 -0.443369
1602472944.878000 -0.602438
1602472944.883000 -0.436982
1602472944.888000 -0.535730
1602472944.893000 -0.645915
1602472944.898000 -0.578490
1602472944.903000 -0.647819
1602472944.908000 -0.558614
1602472944.913000 -0.481307
1602472944.918000 -0.356559
1602472944.923000 -0.375882
1602472944.928000 -0.542380
1602472944.933000 -0.601828
1602472944.938000 -0.542429
1602472944.943000 -0.474751
1602472944.948000 -0.469403
1602472944.953000 -0.547213
1602472944.958000 -0.442435
1602472944.963000 -0.353250
1602472944.968000 -0.513678
1602472944.973000 -0.436169
1602472944.978000 -0.242725
1602472944.983000 -0.290957
1602472944.988000 -0.357003
1602472944.993000 -0.467887
1602472944.998000 -0.365535
1602472945.003000 -0.308727
1602472945.008000 -0.172593
1602472945.013000 -0.352308
1602472945.018000 -0.491550
1602472945.023000 -0.457922
1602472945.028000 -0.576880
1602472945.033000 -0.675191
1602472945.038000 -0.676106
1602472945.043000 -0.693812
1602472945.048000 -0.585956
1602472945.053000 -0.603094
1602472945.058000 -0.490130
1602472945.063000 -0.376717
1602472945.068000 -0.400196
1602472945.073000 -0.362484
1602472945.078000 -0.468393
1602472945.083000 -0.458370
1602472945.088000 -0.563754
1602472945.093000 -0.693912
1602472945.098000 -0.816211
1602472945.103000 -0.716247
1602472945.108000 -0.724215
1602472945.113000 -0.825385
1602472945.118000 -0.836235
1602472945.123000 -0.688279
1602472945.128000 -0.511940
1602472945.133000 -0.529346
1602472945.138000 -0.629621
1602472945.143000 -0.602975
1602472945.148000 -0.414913
1602472945.153000 -0.496484
1602472945.158000 -0.613030
1602472945.163000 -0.488834
1602472945.168000 -0.550119
1602472945.173000 -0.489555
1602472945.178000 -0.415380
1602472945.183000 -0.395623
1602472945.188000 -0.517018
1602472945.193000 -0.643757
1602472945.198000 -0.725354
1602472945.203000 -0.538893
1602472945.208000 -0.366419
1602472945.213000 -0.535052
1602472945.218000 -0.718825
1602472945.223000 -0.769830
1602472945.228000 -0.584399
1602472945.233000 -0.557729
1602472945.238000 -0.398710
1602472945.243000 -0.518663
1602472945.248000 -0.422151
1602472945.253000 -0.469079
1602472945.258000 -0.289067
1602472945.263000 -0.284170
1602472945.268000 -0.232267
1602472945.273000 -0.146753
1602472945.278000 -0.077548
1602472945.283000 0.067046
1602472945.288000 0.051506
1602472945.293000 0.220436
1602472945.298000 0.308027
1602472945.303000 0.280548
1602472945.308000 0.167908
1602472945.313000 0.338954
1602472945.318000 0.352022
1602472945.323000 0.494449
1602472945.328000 0.642411
1602472945.333000 0.529654
1602472945.338000 0.608189
1602472945.343000 0.434755
1602472945.348000 0.511612
1602472945.353000 0.708551
1602472945.358000 0.521580
1602472945.363000 0.570911
1602472945.368000 0.515569
1602472945.373000 0.344825
1602472945.378000 0.543151
1602472945.383000 0.473242
1602472945.388000 0.645520
1602472945.393000 0.519218
1602472945.398000 0.645707
1602472945.403000 0.714497
1602472945.408000 0.741267
1602472945.413000 0.564121
1602472945.418000 0.437808
1602472945.423000 0.432832
1602472945.428000 0.541199
1602472945.433000 0.400444
1602472945.438000 0.456416
1602472945.443000 0.465595
1602472945.448000 0.410121
1602472945.453000 0.353685
1602472945.458000 0.535387
1602472945.463000 0.683625
1602472945.468000 0.714588
1602472945.473000 0.709359
1602472945.478000 0.800024
1602472945.483000 0.778948
1602472945.488000 0.977316
1602472945.493000 0.946518
1602472945.498000 0.952011
1602472945.503000 0.999999
1602472945.508000 0.966141
1602472945.513000 0.999999
1602472945.518000 0.924554
1602472945.523000 0.999999
1602472945.528000 0.880480
1602472945.533000 0.919715
1602472945.538000 0.876959
1602472945.543000 0.729719
1602472945.548000 0.842652
1602472945.553000 0.726388
1602472945.558000 0.847938
1602472945.563000 0.903993
1602472945.568000 0.810583
1602472945.573000 0.722173
1602472945.578000 0.689606
1602472945.583000 0.620917
1602472945.588000 0.591752
1602472945.593000 0.415156
1602472945.598000 0.555647
1602472945.603000 0.387361
1602472945.608000 0.354331
1602472945.613000 0.192877
1602472945.618000 0.372831
1602472945.623000 0.570764
1602472945.628000 0.604081
1602472945.633000 0.674700
1602472945.638000 0.651557
1602472945.643000 0.799594
1602472945.648000 0.755769
1602472945.653000 0.654472
1602472945.658000 0.677734
1602472945.663000 0.516403
1602472945.668000 0.349979
1602472945.673000 0.214149
1602472945.678000 0.363621
1602472945.683000 0.277680
1602472945.688000 0.097437
1602472945.693000 0.120507
1602472945.698000 0.203678
1602472945.703000 0.052721
1602472945.708000 -0.124121
1602472945.713000 -0.003047
1602472945.718000 0.102053
1602472945.723000 0.031802
1602472945.728000 -0.019182
1602472945.733000 -0.146649
1602472945.738000 0.030763
1602472945.743000 -0.133034
1602472945.748000 -0.120743
1602472945.753000 -0.286488
1602472945.758000 -0.418571
1602472945.763000 -0.522958
1602472945.768000 -0.650157
1602472945.773000 -0.802286
1602472945.778000 -0.908740
1602472945.783000 -0.999999
1602472945.788000 -0.881507
1602472945.793000 -0.694751
1602472945.798000 -0.524243
1602472945.803000 -0.649576
1602472945.808000 -0.647764
1602472945.813000 -0.537641
1602472945.818000 -0.624303
1602472945.823000 -0.588914
1602472945.828000 -0.698268
1602472945.833000 -0.719105
1602472945.838000 -0.853304
1602472945.843000 -0.826548
1602472945.848000 -0.907963
1602472945.853000 -0.758991
1602472945.858000 -0.683190
1602472945.863000 -0.741445
1602472945.868000 -0.555047
1602472945.873000 -0.574147
1602472945.878000 -0.386301
1602472945.883000 -0.450887
1602472945.888000 -0.281101
1602472945.893000 -0.115844
1602472945.898000 -0.144227
1602472945.903000 -0.045798
1602472945.908000 0.153714
1602472945.913000 0.193249
1602472945.918000 0.387291
1602472945.923000 0.375956
1602472945.928000 0.463362
1602472945.933000 0.350950
1602472945.938000 0.362086
1602472945.943000 0.484336
1602472945.948000 0.475032
1602472945.953000 0.573029
1602472945.958000 0.769947
1602472945.963000 0.962455
1602472945.968000 0.970574
1602472945.973000 0.997182
1602472945.978000 0.999999
1602472945.983000 0.815116
1602472945.988000 0.737239
1602472945.993000 0.663642
1602472945.998000 0.705516
1602472946.003000 0.746224
1602472946.008000 0.737951
1602472946.013000 0.655626
1602472946.018000 0.554430
1602472946.023000 0.532555
1602472946.028000 0.347483
1602472946.033000 0.234131
1602472946.038000 0.347670
1602472946.043000 0.248735
1602472946.048000 0.216993
1602472946.053000 0.102150
1602472946.058000 0.301645
1602472946.063000 0.385767
1602472946.068000 0.226812
1602472946.073000 0.420349
1602472946.078000 0.293137
1602472946.083000 0.421587
1602472946.088000 0.419063
1602472946.093000 0.502989
1602472946.098000 0.553691
1602472946.103000 0.458216
1602472946.108000 0.556491
1602472946.113000 0.720462
1602472946.118000 0.617496
1602472946.123000 0.640244
1602472946.128000 0.747176
1602472946.133000 0.704811
1602472946.138000 0.742676
1602472946.143000 0.571730
1602472946.148000 0.372120
1602472946.153000 0.368213
1602472946.158000 0.554328
1602472946.163000 0.546446
1602472946.168000 0.376567
1602472946.173000 0.261486
1602472946.178000 0.148081
1602472946.183000 0.109482
1602472946.188000 0.197403
1602472946.193000 -0.002460
1602472946.198000 0.060007
1602472946.203000 -0.083813
1602472946.208000 -0.082166
1602472946.213000 0.096148
1602472946.218000 0.236451
1602472946.223000 0.279142
1602472946.228000 0.167344
1602472946.233000 -0.019564
1602472946.238000 0.067931
1602472946.243000 0.153611
1602472946.248000 -0.033019
1602472946.253000 -0.094822
1602472946.258000 0.095383
1602472946.263000 0.207028
1602472946.268000 0.225548
1602472946.273000 0.229138
1602472946.278000 0.279882
1602472946.283000 0.205335
1602472946.288000 0.082913
1602472946.293000 0.087877
1602472946.298000 0.042385
1602472946.303000 -0.079645
1602472946.308000 -0.278588
1602472946.313000 -0.221612
1602472946.318000 -0.151523
1602472946.323000 -0.320345
1602472946.328000 -0.462097
1602472946.333000 -0.305411
1602472946.338000 -0.196480
1602472946.343000 -0.050311
1602472946.348000 -0.177137
1602472946.353000 -0.089387
1602472946.358000 -0.287038
1602472946.363000 -0.095865
1602472946.368000 -0.029801
1602472946.373000 0.112851
1602472946.378000 0.146716
1602472946.383000 0.300983
1602472946.388000 0.173078
1602472946.393000 0.210791
1602472946.398000 0.367089
1602472946.403000 0.368907
1602472946.408000 0.544816
1602472946.413000 0.691320
1602472946.418000 0.721136
1602472946.423000 0.715568
1602472946.428000 0.782016
1602472946.433000 0.662577
1602472946.438000 0.498813
1602472946.443000 0.642841
1602472946.448000 0.728366
1602472946.453000 0.719111
1602472946.458000 0.657460
1602472946.463000 0.460395
1602472946.468000 0.424469
1602472946.473000 0.232907
1602472946.478000 0.067019
1602472946.483000 0.089341
1602472946.488000 -0.029182
1602472946.493000 -0.169785
1602472946.498000 -0.201294
1602472946.503000 -0.130291
1602472946.508000 0.016856
1602472946.513000 -0.012303
1602472946.518000 0.049874
1602472946.523000 0.063086
1602472946.528000 0.092931
1602472946.533000 0.105325
1602472946.538000 0.189156
1602472946.543000 0.007450
1602472946.548000 -0.142443
1602472946.553000 -0.102312
1602472946.558000 -0.082200
1602472946.563000 -0.139830
1602472946.568000 -0.036842
1602472946.573000 -0.186914
1602472946.578000 -0.333760
1602472946.583000 -0.364324
1602472946.588000 -0.317482
1602472946.593000 -0.428091
1602472946.598000 -0.398275
1602472946.603000 -0.465908
1602472946.608000 -0.269419
1602472946.613000 -0.101252
1602472946.618000 -0.165950
1602472946.623000 -0.205387
1602472946.628000 -0.312429
1602472946.633000 -0.226661
1602472946.638000 -0.043776
1602472946.643000 0.047011
1602472946.648000 0.192176
1602472946.653000 0.259906
1602472946.658000 0.221697
1602472946.663000 0.030360
1602472946.668000 -0.131070
1602472946.673000 -0.190750
1602472946.678000 -0.052522
1602472946.683000 0.132245
1602472946.688000 0.284959
1602472946.693000 0.307019
1602472946.698000 0.226431
1602472946.703000 0.145604
1602472946.708000 0.124147
1602472946.713000 0.263673
1602472946.718000 0.325216
1602472946.723000 0.206747
1602472946.728000 0.112552
1602472946.733000 -0.056398
1602472946.738000 0.110921
1602472946.743000 0.263569
1602472946.748000 0.300361
1602472946.753000 0.413848
1602472946.758000 0.415215
1602472946.763000 0.448498
1602472946.768000 0.530153
1602472946.773000 0.383175
1602472946.778000 0.293372
1602472946.783000 0.184337
1602472946.788000 0.039479
1602472946.793000 -0.067437
1602472946.798000 0.114316
1602472946.803000 0.030975
1602472946.808000 -0.091860
1602472946.813000 -0.031964
1602472946.818000 -0.106640
1602472946.823000 -0.190905
1602472946.828000 -0.390689
1602472946.833000 -0.527137
1602472946.838000 -0.510282
1602472946.843000 -0.641000
1602472946.848000 -0.555388
1602472946.853000 -0.419120
1602472946.858000 -0.430664
1602472946.863000 -0.450157
1602472946.868000 -0.258011
1602472946.873000 -0.291659
1602472946.878000 -0.229621
1602472946.883000 -0.331669
1602472946.888000 -0.334267
1602472946.893000 -0.188557
1602472946.898000 -0.221604
1602472946.903000 -0.387408
1602472946.908000 -0.328209
1602472946.913000 -0.443535
1602472946.918000 -0.259704
1602472946.923000 -0.202499
1602472946.928000 -0.264804
1602472946.933000 -0.370775
1602472946.938000 -0.506253
1602472946.943000 -0.513415
1602472946.948000 -0.409949
1602472946.953000 -0.563674
1602472946.958000 -0.737825
1602472946.963000 -0.557194
1602472946.968000 -0.734670
1602472946.973000 -0.783497
1602472946.978000 -0.770780
1602472946.983000 -0.948041
1602472946.988000 -0.933315
1602472946.993000 -0.987391
1602472946.998000 -0.999999
1602472947.003000 -0.983309
1602472947.008000 -0.999999
1602472947.013000 -0.919521
1602472947.018000 -0.722323
1602472947.023000 -0.731633
1602472947.028000 -0.768449
1602472947.033000 -0.592861
1602472947.038000 -0.504219
1602472947.043000 -0.343633
1602472947.048000 -0.222335
1602472947.053000 -0.250388
1602472947.058000 -0.339255
1602472947.063000 -0.242407
1602472947.068000 -0.185787
1602472947.073000 -0.290823
1602472947.078000 -0.336770
1602472947.083000 -0.426102
1602472947.088000 -0.320755
1602472947.093000 -0.302179
1602472947.098000 -0.482320
1602472947.103000 -0.473509
1602472947.108000 -0.292306
1602472947.113000 -0.446599
1602472947.118000 -0.340805
1602472947.123000 -0.537078
1602472947.128000 -0.540197
1602472947.133000 -0.621686
1602472947.138000 -0.678867
1602472947.143000 -0.750908
1602472947.148000 -0.686473
1602472947.153000 -0.535281
1602472947.158000 -0.674280
1602472947.163000 -0.811301
1602472947.168000 -0.663278
1602472947.173000 -0.688727
1602472947.178000 -0.635058
1602472947.183000 -0.723852
1602472947.188000 -0.773712
1602472947.193000 -0.715047
1602472947.198000 -0.843256
1602472947.203000 -0.855466
1602472947.208000 -0.908503
1602472947.213000 -0.809226
1602472947.218000 -0.924587
1602472947.223000 -0.999999
1602472947.228000 -0.805758
1602472947.233000 -0.650713
1602472947.238000 -0.620109
1602472947.243000 -0.804170
1602472947.248000 -0.714198
1602472947.253000 -0.663736
1602472947.258000 -0.638985
1602472947.263000 -0.451457
1602472947.268000 -0.355288
1602472947.273000 -0.308391
1602472947.278000 -0.400784
1602472947.283000 -0.391382
1602472947.288000 -0.225974
1602472947.293000 -0.059197
1602472947.298000 -0.205484
1602472947.303000 -0.059288
1602472947.308000 0.058682
1602472947.313000 -0.026603
1602472947.318000 -0.101076
1602472947.323000 -0.035083
1602472947.328000 0.054183
1602472947.333000 -0.050268
1602472947.338000 0.126931
1602472947.343000 0.082689
1602472947.348000 -0.046746
1602472947.353000 -0.081404
1602472947.358000 -0.221503
1602472947.363000 -0.203975
1602472947.368000 -0.339356
1602472947.373000 -0.278464
1602472947.378000 -0.141000
1602472947.383000 -0.165786
1602472947.388000 -0.033498
1602472947.393000 0.050922
1602472947.398000 0.042074
1602472947.403000 0.180687
1602472947.408000 0.231921
1602472947.413000 0.164175
1602472947.418000 0.290316
1602472947.423000 0.354072
1602472947.428000 0.533224
1602472947.433000 0.483324
1602472947.438000 0.356481
1602472947.443000 0.217393
1602472947.448000 0.134269
1602472947.453000 0.177493
1602472947.458000 -0.015398
1602472947.463000 -0.180551
1602472947.468000 -0.022612
1602472947.473000 0.026376
1602472947.478000 0.127216
1602472947.483000 0.290773
1602472947.488000 0.435309
1602472947.493000 0.513348
1602472947.498000 0.549016
1602472947.503000 0.480469
1602472947.508000 0.323850
1602472947.513000 0.419419
1602472947.518000 0.568401
1602472947.523000 0.592754
1602472947.528000 0.549215
1602472947.533000 0.352014
1602472947.538000 0.551579
1602472947.543000 0.440328
1602472947.548000 0.527548
1602472947.553000 0.518267
1602472947.558000 0.345629
1602472947.563000 0.400435
1602472947.568000 0.239760
1602472947.573000 0.109614
1602472947.578000 0.028176
1602472947.583000 -0.153345
1602472947.588000 -0.133390
1602472947.593000 -0.141669
1602472947.598000 -0.262277
1602472947.603000 -0.125444
1602472947.608000 -0.174147
1602472947.613000 -0.171294
1602472947.618000 0.000386
1602472947.623000 -0.090378
1602472947.628000 -0.238537
1602472947.633000 -0.049664
1602472947.638000 -0.060519
1602472947.643000 -0.147788
1602472947.648000 0.035476
1602472947.653000 -0.139711
1602472947.658000 -0.095526
1602472947.663000 -0.152528
1602472947.668000 -0.032146
1602472947.673000 0.077374
1602472947.678000 0.244726
1602472947.683000 0.237920
1602472947.688000 0.066591
1602472947.693000 0.233509
1602472947.698000 0.431805
1602472947.703000 0.264048
1602472947.708000 0.338036
1602472947.713000 0.280047
1602472947.718000 0.367096
1602472947.723000 0.480411
1602472947.728000 0.608629
1602472947.733000 0.414241
1602472947.738000 0.546036
1602472947.743000 0.494209
1602472947.748000 0.607895
1602472947.753000 0.535433
1602472947.758000 0.536792
1602472947.763000 0.401775
1602472947.768000 0.532166
1602472947.773000 0.621558
1602472947.778000 0.712129
1602472947.783000 0.610714
1602472947.788000 0.688978
1602472947.793000 0.568693
1602472947.798000 0.696361
1602472947.803000 0.874242
1602472947.808000 0.778772
1602472947.813000 0.866978
1602472947.818000 0.787858
1602472947.823000 0.729122
1602472947.828000 0.726848
1602472947.833000 0.615080
1602472947.838000 0.465891
1602472947.843000 0.608641
1602472947.848000 0.580143
1602472947.853000 0.545603
1602472947.858000 0.720596
1602472947.863000 0.566088
1602472947.868000 0.673560
1602472947.873000 0.735605
1602472947.878000 0.894412
1602472947.883000 0.999999
1602472947.888000 0.999999
1602472947.893000 0.806953
1602472947.898000 0.707171
1602472947.903000 0.804867
1602472947.908000 0.739361
1602472947.913000 0.557290
1602472947.918000 0.436320
1602472947.923000 0.417557
1602472947.928000 0.524878
1602472947.933000 0.694479
1602472947.938000 0.890653
1602472947.943000 0.992591
1602472947.948000 0.841909
1602472947.953000 0.965753
1602472947.958000 0.999999
1602472947.963000 0.999999
1602472947.968000 0.999999
1602472947.973000 0.917050
1602472947.978000 0.844867
1602472947.983000 0.770995
1602472947.988000 0.776278
1602472947.993000 0.871259
1602472947.998000 0.740138
1602472948.003000 0.916924
1602472948.008000 0.777365
1602472948.013000 0.621237
1602472948.018000 0.559867
1602472948.023000 0.444133
1602472948.028000 0.266403
1602472948.033000 0.163840
1602472948.038000 0.000150
1602472948.044000 -0.193570
1602472948.049000 -0.172825
1602472948.054000 -0.119945
1602472948.059000 -0.299617
1602472948.064000 -0.428026
1602472948.069000 -0.357217
1602472948.074000 -0.457858
1602472948.079000 -0.405029
1602472948.084000 -0.310546
1602472948.089000 -0.441584
1602472948.094000 -0.392578
1602472948.099000 -0.279805
1602472948.104000 -0.245173
1602472948.109000 -0.272324
1602472948.114000 -0.447027
1602472948.119000 -0.542195
1602472948.414000 -0.640943
1602472948.414000 -0.698594
1602472948.414000 -0.549593
1602472948.414000 -0.522214
1602472948.414000 -0.658228
1602472948.414000 -0.614246
1602472948.414000 -0.801636
1602472948.414000 -0.844512
1602472948.414000 -0.740088
1602472948.414000 -0.767252
1602472948.414000 -0.671498
1602472948.414000 -0.766455
1602472948.414000 -0.771349
1602472948.414000 -0.861804
1602472948.414000 -0.920451
1602472948.414000 -0.802712
1602472948.414000 -0.672422
1602472948.414000 -0.761837
1602472948.414000 -0.623770
1602472948.414000 -0.821888
1602472948.414000 -0.924141
1602472948.414000 -0.970362
1602472948.414000 -0.799299
1602472948.414000 -0.890717
1602472948.414000 -0.867977
1602472948.414000 -0.847909
1602472948.414000 -0.910202
1602472948.414000 -0.936478
1602472948.414000 -0.999999
1602472948.414000 -0.999999
1602472948.414000 -0.805090
1602472948.414000 -0.678218
1602472948.414000 -0.572864
1602472948.414000 -0.428954
1602472948.414000 -0.358350
1602472948.414000 -0.472659
1602472948.414000 -0.368414
1602472948.414000 -0.285200
1602472948.414000 -0.242385
1602472948.414000 -0.117364
1602472948.414000 -0.261314
1602472948.414000 -0.206392
1602472948.414000 -0.376328
1602472948.414000 -0.208819
1602472948.414000 -0.044352
1602472948.414000 0.043417
1602472948.414000 -0.154983
1602472948.414000 -0.343874
1602472948.414000 -0.145520
1602472948.414000 -0.005853
1602472948.414000 -0.076510
1602472948.414000 -0.180409
1602472948.414000 -0.170611
1602472948.414000 -0.270204
1602472948.414000 -0.265522
1602472948.414000 -0.432983
1602472948.414000 -0.596156
1602472948.414000 -0.737415
1602472948.414000 -0.614800
1602472948.419000 -0.552351
1602472948.424000 -0.530605
1602472948.429000 -0.413081
1602472948.434000 -0.423760
1602472948.439000 -0.496660
1602472948.444000 -0.318873
1602472948.449000 -0.458948
1602472948.454000 -0.446157
1602472948.459000 -0.364125
1602472948.464000 -0.504633
1602472948.469000 -0.532674
1602472948.474000 -0.525621
1602472948.479000 -0.493727
1602472948.484000 -0.666846
1602472948.489000 -0.629728
1602472948.494000 -0.630325
1602472948.499000 -0.438977
1602472948.504000 -0.514090
1602472948.509000 -0.396735
1602472948.514000 -0.477926
1602472948.519000 -0.438332
1602472948.524000 -0.264957
1602472948.529000 -0.216804
1602472948.534000 -0.364757
1602472948.539000 -0.381584
1602472948.544000 -0.516672
1602472948.549000 -0.343591
1602472948.554000 -0.211526
1602472948.559000 -0.193435
1602472948.564000 -0.361612
1602472948.569000 -0.306932
1602472948.574000 -0.426391
1602472948.579000 -0.372822
1602472948.584000 -0.400618
1602472948.589000 -0.214404
1602472948.594000 -0.317383
1602472948.599000 -0.367392
1602472948.604000 -0.521253
1602472948.609000 -0.695088
1602472948.614000 -0.746713
1602472948.619000 -0.724729
1602472948.624000 -0.726605
1602472948.629000 -0.571175
1602472948.634000 -0.717297
1602472948.639000 -0.692293
1602472948.644000 -0.583394
1602472948.649000 -0.413760
1602472948.654000 -0.281056
1602472948.659000 -0.330918
1602472948.664000 -0.243929
1602472948.669000 -0.392415
1602472948.674000 -0.202683
1602472948.679000 -0.142319
1602472948.684000 -0.326300
1602472948.689000 -0.368169
1602472948.694000 -0.524632
1602472948.699000 -0.527349
1602472948.704000 -0.596136
1602472948.709000 -0.704182
1602472948.714000 -0.888808
1602472948.719000 -0.925772
1602472948.724000 -0.779138
1602472948.729000 -0.766871
1602472948.734000 -0.833914
1602472948.739000 -0.798724
1602472948.744000 -0.800243
1602472948.749000 -0.770265
1602472948.754000 -0.868730
1602472948.759000 -0.707758
1602472948.764000 -0.651616
1602472948.769000 -0.601706
1602472948.774000 -0.618750
1602472948.779000 -0.764484
1602472948.784000 -0.642794
1602472948.789000 -0.605960
1602472948.794000 -0.410338
1602472948.799000 -0.379749
1602472948.804000 -0.373282
1602472948.809000 -0.244955
1602472948.814000 -0.064227
1602472948.819000 -0.170771
1602472948.824000 -0.274578
1602472948.829000 -0.387766
1602472948.834000 -0.517594
1602472948.839000 -0.605382
1602472948.844000 -0.560438
1602472948.849000 -0.530376
1602472948.854000 -0.420880
1602472948.859000 -0.244723
1602472948.864000 -0.122707
1602472948.869000 -0.281486
1602472948.874000 -0.225941
1602472948.879000 -0.040939
1602472948.884000 0.012549
1602472948.889000 0.201051
1602472948.894000 0.221242
1602472948.899000 0.073210
1602472948.904000 0.208042
1602472948.909000 0.046119
1602472948.914000 -0.024587
1602472948.919000 -0.033613
1602472948.924000 0.054375
1602472948.929000 0.166625
1602472948.934000 0.328217
1602472948.939000 0.337894
1602472948.944000 0.286978
1602472948.949000 0.444193
1602472948.954000 0.400813
1602472948.959000 0.272715
1602472948.964000 0.074608
1602472948.969000 0.011956
1602472948.974000 0.093668
1602472948.979000 -0.008245
1602472948.984000 0.015915
1602472948.989000 0.167799
1602472948.994000 0.178098
1602472948.999000 0.047202
1602472949.004000 0.145500
1602472949.009000 0.181646
1602472949.014000 0.143259
1602472949.019000 0.163573
1602472949.024000 0.240940
1602472949.029000 0.058097
1602472949.034000 0.063413
1602472949.039000 0.110621
1602472949.044000 0.032633
1602472949.049000 -0.025506
1602472949.054000 -0.209977
1602472949.059000 -0.353133
1602472949.064000 -0.373194
1602472949.069000 -0.428371
1602472949.074000 -0.264200
1602472949.079000 -0.279921
1602472949.084000 -0.422848
1602472949.089000 -0.297085
1602472949.094000 -0.386775
1602472949.099000 -0.264266
1602472949.104000 -0.064936
1602472949.109000 0.001994
1602472949.114000 -0.087241
1602472949.119000 -0.286017
1602472949.124000 -0.365387
1602472949.129000 -0.172910
1602472949.134000 -0.273599
1602472949.139000 -0.412457
1602472949.144000 -0.551744
1602472949.149000 -0.725782
1602472949.154000 -0.795535
1602472949.159000 -0.920171
1602472949.164000 -0.741711
1602472949.169000 -0.933499
1602472949.174000 -0.837821
1602472949.179000 -0.665641
1602472949.184000 -0.723918
1602472949.189000 -0.706571
1602472949.194000 -0.687183
1602472949.199000 -0.623448
1602472949.204000 -0.747888
1602472949.209000 -0.596619
1602472949.214000 -0.759687
1602472949.219000 -0.587836
1602472949.224000 -0.691743
1602472949.229000 -0.890640
1602472949.234000 -0.934509
1602472949.239000 -0.864991
1602472949.244000 -0.999999
1602472949.249000 -0.817206
1602472949.254000 -0.708826
1602472949.259000 -0.866276
1602472949.264000 -0.700201
1602472949.269000 -0.881056
1602472949.274000 -0.920931
1602472949.279000 -0.999999
1602472949.284000 -0.999999
1602472949.289000 -0.940562
1602472949.294000 -0.992715
1602472949.299000 -0.887676
1602472949.304000 -0.999999
1602472949.309000 -0.805553
1602472949.314000 -0.625149
1602472949.319000 -0.444936
1602472949.324000 -0.642277
1602472949.329000 -0.449843
1602472949.334000 -0.581099
1602472949.339000 -0.520365
1602472949.344000 -0.394231
1602472949.349000 -0.306099
1602472949.354000 -0.381630
1602472949.359000 -0.579937
1602472949.364000 -0.540536
1602472949.369000 -0.579135
1602472949.374000 -0.405590
1602472949.379000 -0.553744
1602472949.384000 -0.591240
1602472949.389000 -0.545213
1602472949.394000 -0.707495
1602472949.399000 -0.701771
1602472949.404000 -0.556599
1602472949.409000 -0.410502
1602472949.414000 -0.245878
1602472949.419000 -0.134631
1602472949.424000 -0.253037
1602472949.429000 -0.328288
1602472949.434000 -0.130336
1602472949.439000 -0.004416
1602472949.444000 -0.103878
1602472949.449000 -0.041726
1602472949.454000 -0.010767
1602472949.459000 -0.108477
1602472949.464000 0.064473
1602472949.469000 0.192188
1602472949.474000 0.191042
1602472949.479000 0.083003
1602472949.484000 -0.080496
1602472949.489000 -0.012898
1602472949.494000 0.139797
1602472949.499000 0.302431
1602472949.504000 0.374513
1602472949.509000 0.251677
1602472949.514000 0.132355
1602472949.519000 0.160190
1602472949.524000 0.315108
1602472949.529000 0.285682
1602472949.534000 0.481715
1602472949.539000 0.515490
1602472949.544000 0.332093
1602472949.549000 0.165844
1602472949.554000 0.005342
1602472949.559000 0.167117
1602472949.564000 0.063317
1602472949.569000 -0.016209
1602472949.574000 0.173166
1602472949.579000 0.150960
1602472949.584000 0.196183
1602472949.589000 0.383510
1602472949.594000 0.403576
1602472949.599000 0.549337
1602472949.604000 0.715167
1602472949.609000 0.682543
1602472949.614000 0.646947
1602472949.619000 0.785729
1602472949.624000 0.680821
1602472949.629000 0.560431
1602472949.634000 0.391174
1602472949.639000 0.439119
1602472949.644000 0.302678
1602472949.649000 0.486116
1602472949.654000 0.496695
1602472949.659000 0.348689
1602472949.664000 0.325645
1602472949.669000 0.133255
1602472949.674000 0.213084
1602472949.679000 0.144957
1602472949.684000 0.123143
1602472949.689000 0.199006
1602472949.694000 0.364655
1602472949.699000 0.475796
1602472949.704000 0.301762
1602472949.709000 0.223260
1602472949.714000 0.412527
1602472949.719000 0.334692
1602472949.724000 0.376664
1602472949.729000 0.555307
1602472949.734000 0.371619
1602472949.739000 0.375167
1602472949.744000 0.257489
1602472949.749000 0.293867
1602472949.754000 0.359529
1602472949.759000 0.207682
1602472949.764000 0.011437
1602472949.769000 -0.042144
1602472949.774000 0.144792
1602472949.779000 0.159992
1602472949.784000 0.186021
1602472949.789000 0.120053
1602472949.794000 -0.016801
1602472949.799000 -0.210860
1602472949.804000 -0.293389
1602472949.809000 -0.103312
1602472949.814000 -0.245377
1602472949.819000 -0.434598
1602472949.824000 -0.236910
1602472949.829000 -0.099146
1602472949.834000 -0.156493
1602472949.839000 -0.180619
1602472949.844000 -0.050639
1602472949.849000 -0.142336
1602472949.854000 -0.138969
1602472949.859000 -0.266671
1602472949.864000 -0.120517
1602472949.869000 -0.127882
1602472949.874000 -0.017065
1602472949.879000 0.087415
1602472949.884000 0.058694
1602472949.889000 0.185823
1602472949.894000 0.093852
1602472949.899000 0.147454
1602472949.904000 0.227314
1602472949.909000 0.401005
1602472949.914000 0.219113
1602472949.919000 0.419080
1602472949.924000 0.339191
1602472949.929000 0.260588
1602472949.934000 0.275755
1602472949.939000 0.138246
1602472949.944000 0.193675
1602472949.949000 0.388342
1602472949.954000 0.256775
1602472949.959000 0.146026
1602472949.964000 0.330770
1602472949.969000 0.257138
1602472949.974000 0.157168
1602472949.979000 0.339600
1602472949.984000 0.320084
1602472949.989000 0.362767
1602472949.994000 0.437425
1602472949.999000 0.464241
1602472950.004000 0.331580
1602472950.009000 0.209604
1602472950.014000 0.308719
1602472950.019000 0.238565
1602472950.024000 0.309224
1602472950.029000 0.319155
1602472950.034000 0.153481
1602472950.039000 0.111772
1602472950.044000 0.165185
1602472950.049000 0.107540
1602472950.054000 0.035785
1602472950.059000 -0.030942
1602472950.064000 0.001457
1602472950.069000 -0.052189
1602472950.074000 -0.118948
1602472950.079000 -0.250086
1602472950.084000 -0.065983
1602472950.089000 -0.201221
1602472950.094000 -0.153515
1602472950.099000 -0.113983
1602472950.104000 -0.254555
1602472950.109000 -0.138416
1602472950.114000 -0.293280
1602472950.119000 -0.449108
1602472950.124000 -0.490249
1602472950.129000 -0.545082
1602472950.134000 -0.602126
1602472950.139000 -0.462783
1602472950.144000 -0.558580
1602472950.149000 -0.624614
1602472950.154000 -0.658454
1602472950.159000 -0.570559
1602472950.164000 -0.558568
1602472950.169000 -0.576940
1602472950.174000 -0.642847
1602472950.179000 -0.643842
1602472950.184000 -0.452283
1602472950.189000 -0.483864
1602472950.194000 -0.610217
1602472950.199000 -0.448893
1602472950.204000 -0.621767
1602472950.209000 -0.619873
1602472950.214000 -0.725275
1602472950.219000 -0.665750
1602472950.224000 -0.801151
1602472950.229000 -0.656959
1602472950.234000 -0.812220
1602472950.239000 -0.963518
1602472950.244000 -0.999999
1602472950.249000 -0.907554
1602472950.254000 -0.999999
1602472950.259000 -0.999999
1602472950.264000 -0.875063
1602472950.269000 -0.999999
1602472950.274000 -0.854741
1602472950.279000 -0.970946
1602472950.284000 -0.859705
1602472950.289000 -0.971490
1602472950.294000 -0.999999
1602472950.299000 -0.999999
1602472950.304000 -0.861466
1602472950.309000 -0.755816
1602472950.314000 -0.936125
1602472950.319000 -0.869248
1602472950.324000 -0.865619
1602472950.329000 -0.911835
1602472950.334000 -0.999999
1602472950.339000 -0.888459
1602472950.344000 -0.999999
1602472950.349000 -0.944119
1602472950.354000 -0.871254
1602472950.359000 -0.999999
1602472950.364000 -0.999999
1602472950.369000 -0.999999
1602472950.374000 -0.999999
1602472950.379000 -0.961275
1602472950.384000 -0.999999
1602472950.389000 -0.999999
1602472950.394000 -0.999999
1602472950.399000 -0.999999
1602472950.404000 -0.999999
1602472950.409000 -0.999999
1602472950.414000 -0.861953
1602472950.419000 -0.999999
1602472950.424000 -0.999999
1602472950.429000 -0.916695
1602472950.434000 -0.896518
1602472950.439000 -0.999999
1602472950.444000 -0.828480
1602472950.449000 -0.668812
1602472950.454000 -0.651335
1602472950.459000 -0.824930
1602472950.464000 -0.643260
1602472950.469000 -0.606093
1602472950.474000 -0.512811
1602472950.479000 -0.527511
1602472950.484000 -0.620207
1602472950.489000 -0.461043
1602472950.494000 -0.564203
1602472950.499000 -0.618344
1602472950.504000 -0.486949
1602472950.509000 -0.600892
1602472950.514000 -0.472998
1602472950.519000 -0.567477
1602472950.524000 -0.597605
1602472950.529000 -0.428154
1602472950.534000 -0.567557
1602472950.539000 -0.569678
1602472950.544000 -0.597577
1602472950.549000 -0.733201
1602472950.554000 -0.582010
1602472950.559000 -0.398463
1602472950.564000 -0.525723
1602472950.569000 -0.436486
1602472950.574000 -0.632908
1602472950.579000 -0.585729
1602472950.584000 -0.613188
1602472950.589000 -0.473081
1602472950.594000 -0.623871
1602472950.599000 -0.563458
1602472950.604000 -0.463683
1602472950.609000 -0.396997
1602472950.614000 -0.310179
1602472950.619000 -0.228732
1602472950.624000 -0.208526
1602472950.629000 -0.228426
1602472950.634000 -0.361680
1602472950.639000 -0.234170
1602472950.644000 -0.178555
1602472950.649000 -0.098617
1602472950.654000 -0.108896
1602472950.659000 -0.121886
1602472950.664000 0.044110
1602472950.669000 -0.038276
1602472950.674000 -0.229393
1602472950.679000 -0.293525
1602472950.684000 -0.290107
1602472950.689000 -0.420626
1602472950.694000 -0.286879
1602472950.699000 -0.111360
1602472950.704000 -0.177503
1602472950.709000 -0.376213
1602472950.714000 -0.217147
1602472950.719000 -0.094198
1602472950.724000 -0.003671
1602472950.729000 -0.124675
1602472950.734000 -0.038195
1602472950.739000 -0.058774
1602472950.744000 -0.239670
1602472950.749000 -0.103979
1602472950.754000 -0.147793
1602472950.759000 -0.312562
1602472950.764000 -0.310184
1602472950.769000 -0.467179
1602472950.774000 -0.350502
1602472950.779000 -0.527919
1602472950.784000 -0.388463
1602472950.789000 -0.205040
1602472950.794000 -0.338595
1602472950.799000 -0.343523
1602472950.804000 -0.163809
1602472950.809000 -0.107642
1602472950.814000 -0.209209
1602472950.819000 -0.063499
1602472950.824000 -0.173366
1602472950.829000 -0.266049
1602472950.834000 -0.384471
1602472950.839000 -0.290920
1602472950.844000 -0.197770
1602472950.849000 -0.266092
1602472950.854000 -0.080670
1602472950.859000 -0.137311
1602472950.864000 -0.087991
1602472950.869000 -0.227150
1602472950.874000 -0.360842
1602472950.879000 -0.304642
1602472950.884000 -0.248453
1602472950.889000 -0.095664
1602472950.894000 -0.260043
1602472950.899000 -0.068398
1602472950.904000 -0.263566
1602472950.909000 -0.271759
1602472950.914000 -0.444882
1602472950.919000 -0.437673
1602472950.924000 -0.286509
1602472950.929000 -0.142955
1602472950.934000 0.003190
1602472950.939000 0.093809
1602472950.944000 -0.062861
1602472950.949000 -0.133919
1602472950.954000 -0.131877
1602472950.959000 -0.308833
1602472950.964000 -0.407372
1602472950.969000 -0.306897
1602472950.974000 -0.421790
1602472950.979000 -0.430195
1602472950.984000 -0.506051
1602472950.989000 -0.423015
1602472950.994000 -0.421517
1602472950.999000 -0.604223
1602472951.004000 -0.673156
1602472951.009000 -0.686235
1602472951.014000 -0.725582
1602472951.019000 -0.545194
1602472951.024000 -0.381079
1602472951.029000 -0.237765
1602472951.034000 -0.201178
1602472951.039000 -0.180875
1602472951.044000 -0.368420
1602472951.049000 -0.179860
1602472951.054000 -0.167911
1602472951.059000 -0.350624
1602472951.064000 -0.253905
1602472951.069000 -0.098727
1602472951.074000 0.042121
1602472951.079000 0.090003
1602472951.084000 0.188735
1602472951.089000 -0.007919
1602472951.094000 0.046934
1602472951.099000 -0.094652
1602472951.104000 -0.162364
1602472951.109000 -0.305469
1602472951.114000 -0.307658
1602472951.119000 -0.273908
1602472951.124000 -0.116538
1602472951.129000 -0.033622
1602472951.134000 -0.208278
1602472951.139000 -0.326763
1602472951.144000 -0.360810
1602472951.149000 -0.217615
1602472951.154000 -0.202454
1602472951.159000 -0.105435
1602472951.164000 -0.175319
1602472951.169000 -0.283152
1602472951.174000 -0.089394
1602472951.179000 -0.078812
1602472951.184000 -0.243331
1602472951.189000 -0.212986
1602472951.194000 -0.265749
1602472951.199000 -0.417813
1602472951.204000 -0.282556
1602472951.209000 -0.123370
1602472951.214000 -0.141795
1602472951.219000 -0.109819
1602472951.224000 -0.279103
1602472951.229000 -0.356680
1602472951.234000 -0.360470
1602472951.239000 -0.231021
1602472951.244000 -0.305252
1602472951.249000 -0.454189
1602472951.254000 -0.549974
1602472951.259000 -0.491916
1602472951.264000 -0.583958
1602472951.269000 -0.481931
1602472951.274000 -0.590125
1602472951.279000 -0.608444
1602472951.284000 -0.623501
1602472951.289000 -0.589998
1602472951.294000 -0.410450
1602472951.299000 -0.543202
1602472951.304000 -0.566503
1602472951.309000 -0.455441
1602472951.314000 -0.291173
1602472951.319000 -0.468007
1602472951.324000 -0.664779
1602472951.329000 -0.790402
1602472951.334000 -0.640302
1602472951.339000 -0.801593
1602472951.344000 -0.696870
1602472951.349000 -0.799533
1602472951.354000 -0.796536
1602472951.359000 -0.640204
1602472951.364000 -0.783680
1602472951.369000 -0.599108
1602472951.374000 -0.494446
1602472951.379000 -0.490854
1602472951.384000 -0.467506
1602472951.389000 -0.566634
1602472951.394000 -0.633593
1602472951.399000 -0.484476
1602472951.404000 -0.416189
1602472951.409000 -0.262580
1602472951.414000 -0.139054
1602472951.419000 -0.246457
1602472951.424000 -0.190822
1602472951.429000 -0.259138
1602472951.434000 -0.184860
1602472951.439000 -0.227931
1602472951.444000 -0.346392
1602472951.449000 -0.176214
1602472951.454000 -0.152037
1602472951.459000 -0.093800
1602472951.464000 -0.012560
1602472951.469000 0.092236
1602472951.474000 0.289991
1602472951.479000 0.374458
1602472951.484000 0.553631
1602472951.489000 0.701486
1602472951.494000 0.541016
1602472951.499000 0.341264
1602472951.504000 0.186457
1602472951.509000 0.228984
1602472951.514000 0.385564
1602472951.519000 0.403633
1602472951.524000 0.547085
1602472951.529000 0.608327
1602472951.534000 0.429987
1602472951.539000 0.396787
1602472951.544000 0.275252
1602472951.549000 0.346306
1602472951.554000 0.378575
1602472951.559000 0.525326
1602472951.564000 0.549989
1602472951.569000 0.622135
1602472951.574000 0.461485
1602472951.579000 0.341783
1602472951.584000 0.145614
1602472951.589000 -0.024406
1602472951.594000 0.129174
1602472951.599000 0.014545
1602472951.604000 -0.185296
1602472951.609000 -0.207539
1602472951.614000 -0.347579
1602472951.619000 -0.149828
1602472951.624000 -0.267275
1602472951.629000 -0.409559
1602472951.634000 -0.327340
1602472951.639000 -0.349261
1602472951.644000 -0.427338
1602472951.649000 -0.589237
1602472951.654000 -0.610910
1602472951.659000 -0.643794
1602472951.664000 -0.563164
1602472951.669000 -0.511904
1602472951.674000 -0.610367
1602472951.679000 -0.469934
1602472951.684000 -0.557432
1602472951.689000 -0.634233
1602472951.694000 -0.610648
1602472951.699000 -0.503328
1602472951.704000 -0.309074
1602472951.709000 -0.453220
1602472951.714000 -0.399148
1602472951.719000 -0.263878
1602472951.724000 -0.419525
1602472951.729000 -0.609751
1602472951.734000 -0.677830
1602472951.739000 -0.829646
1602472951.744000 -0.873539
1602472951.749000 -0.988038
1602472951.754000 -0.938131
1602472951.759000 -0.865513
1602472951.764000 -0.685902
1602472951.769000 -0.859682
1602472951.774000 -0.789313
1602472951.779000 -0.810797
1602472951.784000 -0.810509
1602472951.789000 -0.857921
1602472951.794000 -0.701326
1602472951.799000 -0.579115
1602472951.804000 -0.588425
1602472951.809000 -0.537149
1602472951.814000 -0.531469
1602472951.819000 -0.543797
1602472951.824000 -0.641262
1602472951.829000 -0.534045
1602472951.834000 -0.489589
1602472951.839000 -0.358199
1602472951.844000 -0.527783
1602472951.849000 -0.659742
1602472951.854000 -0.621032
1602472951.859000 -0.680010
1602472951.864000 -0.639763
1602472951.869000 -0.746981
1602472951.874000 -0.870689
1602472951.879000 -0.786089
1602472951.884000 -0.767180
1602472951.889000 -0.642614
1602472951.894000 -0.793478
1602472951.899000 -0.618462
1602472951.904000 -0.808395
1602472951.909000 -0.992998
1602472951.914000 -0.829012
1602472951.919000 -0.922982
1602472951.924000 -0.999999
1602472951.929000 -0.965644
1602472951.934000 -0.881098
1602472951.939000 -0.722842
1602472951.944000 -0.819546
1602472951.949000 -0.778404
1602472951.954000 -0.697937
1602472951.959000 -0.887600
1602472951.964000 -0.995183
1602472951.969000 -0.999999
1602472951.974000 -0.885639
1602472951.979000 -0.774335
1602472951.984000 -0.580970
1602472951.989000 -0.622154
1602472951.994000 -0.579460
1602472951.999000 -0.639327
1602472952.004000 -0.496117
1602472952.009000 -0.614713
1602472952.014000 -0.533557
1602472952.019000 -0.433749
1602472952.024000 -0.343210
1602472952.029000 -0.469410
1602472952.034000 -0.368650
1602472952.039000 -0.459202
1602472952.044000 -0.544484
1602472952.049000 -0.678234
1602472952.054000 -0.677418
1602472952.059000 -0.636281
1602472952.064000 -0.754636
1602472952.069000 -0.789834
1602472952.074000 -0.642667
1602472952.079000 -0.603054
1602472952.084000 -0.687544
1602472952.089000 -0.655831
1602472952.094000 -0.657962
1602472952.099000 -0.639158
1602472952.104000 -0.766303
1602472952.109000 -0.771614
1602472952.114000 -0.742472
1602472952.119000 -0.660848
1602472952.124000 -0.580012
1602472952.129000 -0.520157
1602472952.134000 -0.527227
1602472952.139000 -0.336674
1602472952.144000 -0.518003
1602472952.149000 -0.682380
1602472952.154000 -0.751694
1602472952.159000 -0.589814
1602472952.164000 -0.556434
1602472952.169000 -0.628240
1602472952.174000 -0.450199
1602472952.179000 -0.526280
1602472952.184000 -0.407933
1602472952.189000 -0.329132
1602472952.194000 -0.295764
1602472952.199000 -0.462699
1602472952.204000 -0.317649
1602472952.209000 -0.367114
1602472952.214000 -0.292912
1602472952.219000 -0.466217
1602472952.224000 -0.634528
1602472952.229000 -0.613158
1602472952.234000 -0.430498
1602472952.239000 -0.483300
1602472952.244000 -0.630218
1602472952.249000 -0.533336
1602472952.254000 -0.650982
1602472952.259000 -0.608691
1602472952.264000 -0.717121
1602472952.269000 -0.605625
1602472952.274000 -0.565359
1602472952.279000 -0.676600
1602472952.284000 -0.705249
1602472952.289000 -0.755702
1602472952.294000 -0.876391
1602472952.299000 -0.770017
1602472952.304000 -0.668493
1602472952.309000 -0.542144
1602472952.314000 -0.357537
1602472952.319000 -0.422634
1602472952.324000 -0.568090
1602472952.329000 -0.405442
1602472952.334000 -0.346620
1602472952.339000 -0.173729
1602472952.344000 -0.132280
1602472952.349000 -0.123739
1602472952.354000 -0.201431
1602472952.359000 -0.214932
1602472952.364000 -0.339504
1602472952.369000 -0.142994
1602472952.374000 -0.013447
1602472952.379000 -0.106330
1602472952.384000 0.027901
1602472952.389000 -0.143540
1602472952.394000 -0.089225
1602472952.399000 -0.185560
1602472952.404000 -0.343767
1602472952.409000 -0.207098
1602472952.414000 -0.344791
1602472952.419000 -0.411428
1602472952.424000 -0.246910
1602472952.429000 -0.427984
1602472952.434000 -0.289511
1602472952.439000 -0.237290
1602472952.444000 -0.268817
1602472952.449000 -0.451033
1602472952.454000 -0.376086
1602472952.459000 -0.389738
1602472952.464000 -0.245605
1602472952.469000 -0.186052
1602472952.474000 -0.064801
1602472952.479000 -0.149772
1602472952.484000 -0.011219
1602472952.489000 0.085206
1602472952.494000 0.089478
1602472952.499000 0.185832
1602472952.504000 0.207150
1602472952.509000 0.333729
1602472952.514000 0.332934
1602472952.519000 0.429680
1602472952.524000 0.269122
1602472952.529000 0.197873
1602472952.534000 0.001736
1602472952.539000 0.175409
1602472952.544000 0.249073
1602472952.549000 0.423602
1602472952.554000 0.417292
1602472952.559000 0.532748
1602472952.564000 0.360300
1602472952.569000 0.416298
1602472952.574000 0.381470
1602472952.579000 0.289891
1602472952.584000 0.364815
1602472952.589000 0.268460
1602472952.594000 0.145454
1602472952.599000 0.105204
1602472952.604000 0.142985
1602472952.609000 0.294927
1602472952.614000 0.441024
1602472952.619000 0.539290
1602472952.624000 0.667137
1602472952.629000 0.734486
1602472952.634000 0.547782
1602472952.639000 0.730534
1602472952.644000 0.810661
1602472952.649000 0.944580
1602472952.654000 0.999999
1602472952.659000 0.901444
1602472952.664000 0.961945
1602472952.669000 0.840257
1602472952.674000 0.754801
1602472952.679000 0.854744
1602472952.684000 0.978160
1602472952.689000 0.896568
1602472952.694000 0.999999
1602472952.699000 0.997078
1602472952.704000 0.999999
1602472952.709000 0.983658
1602472952.714000 0.999999
1602472952.719000 0.999999
1602472952.724000 0.956008
1602472952.729000 0.999999
1602472952.734000 0.861614
1602472952.739000 0.808900
1602472952.744000 0.822958
1602472952.749000 0.877920
1602472952.754000 0.984957
1602472952.759000 0.953147
1602472952.764000 0.999999
1602472952.769000 0.999999
1602472952.774000 0.866456
1602472952.779000 0.917560
1602472952.784000 0.954397
1602472952.789000 0.950503
1602472952.794000 0.984359
1602472952.799000 0.901324
1602472952.804000 0.831350
1602472952.809000 0.860666
1602472952.814000 0.995429
1602472952.819000 0.902307
1602472952.824000 0.999999
1602472952.829000 0.849305
1602472952.834000 0.772480
1602472952.839000 0.803524
1602472952.844000 0.887591
1602472952.849000 0.917087
1602472952.854000 0.861564
1602472952.859000 0.871274
1602472952.864000 0.800781
1602472952.869000 0.974147
1602472952.874000 0.937050
1602472952.879000 0.999999
1602472952.884000 0.883778
1602472952.889000 0.999999
1602472952.894000 0.832803
1602472952.899000 0.646993
1602472952.904000 0.642829
1602472952.909000 0.782671
1602472952.914000 0.765052
1602472952.919000 0.684145
1602472952.924000 0.793475
1602472952.929000 0.842315
1602472952.934000 0.728866
1602472952.939000 0.675033
1602472952.944000 0.636331
1602472952.949000 0.473090
1602472952.954000 0.652574
1602472952.959000 0.743898
1602472952.964000 0.809974
1602472952.969000 0.640573
1602472952.974000 0.555128
1602472952.979000 0.528831
1602472952.984000 0.408738
1602472952.989000 0.446468
1602472952.994000 0.251216
1602472952.999000 0.131541
1602472953.004000 -0.001232
1602472953.009000 0.064346
1602472953.014000 0.154382
1602472953.019000 0.151117
1602472953.024000 0.190061
1602472953.029000 0.159354
1602472953.034000 0.157959
1602472953.039000 -0.002965
1602472953.044000 -0.092799
1602472953.049000 -0.061388
1602472953.054000 -0.208121
1602472953.059000 -0.102119
1602472953.064000 -0.014514
1602472953.069000 0.021135
1602472953.074000 -0.037417
1602472953.079000 -0.040482
1602472953.084000 -0.039641
1602472953.089000 -0.011642
1602472953.094000 -0.152187
1602472953.099000 0.009952
1602472953.104000 0.074712
1602472953.109000 0.030003
1602472953.114000 0.199818
1602472953.119000 0.130654
1602472953.124000 0.116545
1602472953.129000 0.000916
1602472953.134000 -0.178191
1602472953.139000 0.003959
1602472953.144000 -0.157587
1602472953.149000 -0.215593
1602472953.154000 -0.353117
1602472953.159000 -0.331084
1602472953.164000 -0.523512
1602472953.169000 -0.654646
1602472953.174000 -0.719526
1602472953.179000 -0.673010
1602472953.184000 -0.634852
1602472953.189000 -0.501125
1602472953.194000 -0.415532
1602472953.199000 -0.267208
1602472953.204000 -0.185719
1602472953.209000 -0.330507
1602472953.214000 -0.159829
1602472953.219000 -0.190735
1602472953.224000 -0.099874
1602472953.229000 -0.071395
1602472953.234000 -0.189013
1602472953.239000 -0.297311
1602472953.244000 -0.440833
1602472953.249000 -0.382644
1602472953.254000 -0.412450
1602472953.259000 -0.574859
1602472953.264000 -0.761379
1602472953.269000 -0.821371
1602472953.274000 -0.736592
1602472953.279000 -0.620869
1602472953.284000 -0.480137
1602472953.289000 -0.374465
1602472953.294000 -0.276592
1602472953.299000 -0.097406
1602472953.304000 -0.249740
1602472953.309000 -0.373038
1602472953.314000 -0.371817
1602472953.319000 -0.516579
1602472953.324000 -0.571012
1602472953.329000 -0.718320
1602472953.334000 -0.900214
1602472953.339000 -0.999999
1602472953.344000 -0.813581
1602472953.349000 -0.993530
1602472953.354000 -0.999999
1602472953.359000 -0.932092
1602472953.364000 -0.999999
1602472953.369000 -0.999999
1602472953.374000 -0.999999
1602472953.379000 -0.999999
1602472953.384000 -0.836089
1602472953.389000 -0.684001
1602472953.394000 -0.593471
1602472953.399000 -0.656730
1602472953.404000 -0.646453
1602472953.409000 -0.785730
1602472953.414000 -0.811399
1602472953.419000 -0.671289
1602472953.424000 -0.554205
1602472953.429000 -0.578743
1602472953.434000 -0.406558
1602472953.439000 -0.348741
1602472953.444000 -0.467607
1602472953.449000 -0.397549
1602472953.454000 -0.244195
1602472953.459000 -0.199043
1602472953.464000 -0.335931
1602472953.469000 -0.265004
1602472953.474000 -0.164614
1602472953.479000 -0.155935
1602472953.484000 -0.032316
1602472953.489000 -0.197467
1602472953.494000 -0.372359
1602472953.499000 -0.262322
1602472953.504000 -0.407422
1602472953.509000 -0.417561
1602472953.514000 -0.323264
1602472953.519000 -0.393099
1602472953.524000 -0.551454
1602472953.529000 -0.703803
1602472953.534000 -0.691162
1602472953.539000 -0.769255
1602472953.544000 -0.853164
1602472953.549000 -0.949993
1602472953.554000 -0.891345
1602472953.559000 -0.999999
1602472953.564000 -0.919753
1602472953.569000 -0.970421
1602472953.574000 -0.787592
1602472953.579000 -0.790262
1602472953.584000 -0.949116
1602472953.589000 -0.999999
1602472953.594000 -0.999999
1602472953.599000 -0.999999
1602472953.604000 -0.858574
1602472953.609000 -0.933721
1602472953.614000 -0.766288
1602472953.619000 -0.961751
1602472953.624000 -0.765972
1602472953.629000 -0.581796
1602472953.634000 -0.452226
1602472953.639000 -0.332828
1602472953.644000 -0.513803
1602472953.649000 -0.642774
1602472953.654000 -0.496985
1602472953.659000 -0.506708
1602472953.664000 -0.445817
